1.165,195,255,285,345,___                                                         435

2.5,17,37,65,____,145                                                             101

3.5,16,49,104,____                                                                181

4.34,18,10,6,4,___                                                                3

5.1,2,5,12,27,58,121,____                                                        248

6.3,8,13,24,41,____                                                              70
   
7.17,19,23,29,___,37                                                              31

8.5,6,9,15,__,40                                                                 25
                        
9.3,12,27,48,75,108,___                                                          147
              
10.563,647,479,815,___                                                           143

11.1,2,3,6,11,20,37,68,____                                                      125

12.9,3,24,4,9,3,36,6,9,3,30,____                                                  5

13.44,4.4,.88,.264,0.1056,___                                                 .05280

14.38,36,76,35,114,34,____                                                      152

15.-12,6,-15,-5,28,-14,9,3,-18,____                                              9

16.5,1,2,8,8,1,0,9,9,2,3,_____                                                   14

17.11,8,17,14,23,24,31,32,___                                                    43

18.1.8,3,0.6,2.5,5,0.5,3.4,2,1.7,____                                           4.5

19.1,2,3,6,11,20,37,68,____                                                     125

20.9,3,6,21,9,12,33,15,___                                                      18

21.-16,-8,4,24,12,-6,-40,____                                                  -20

22.7,-14,-4,15,-30,-20,-21,____                                                 42

23.15,31,63,127,255,____                                                       511

24.4,2,4,8,6,8,16,___                                                           14

25.2,12,30,56,90,___                                                           132

 26.2,12,34,74,138,___                                                         234

27.48,46,42,38,__                                                              36

28.7,26,63,124,215,342,____                                                   511

29.48,24,35,7,16,8,75,15,80,40,___                                            115

30.1.8,3,0.6,2.5,5,0.5,3.4,2,1.7,4.8,6,____                                   .8

31.49,7,98,16,4,48,9,3,36,25,5,____                                           125

32.33,8,41,46,21,67,72,47,119,124,____                                        99

33.-16,-8,4,24,12,-6,-40,____                                                -20

34.-3,-4,-9,-28,___                                                          -113

35.67,70,100,183.9,___

36.27,16,10,9,__                                                               13

37.5,16,22,68,28,87,34,106,11,___                                             38

38.9,15,26/3,29/2,25/3,14,8,27/2,___                                        23/3

39.1,3,3,2,8,10,3,4,12,4,8,___                                                12

40.2,9,5,49,11,169,___                                                        17

41.1,1,1,2,2,2,3,4,3,3,5,6,___

42.100,98,95,90,83,___                                                        72

43.6,18,21,8,11,33,2,6,9,5,8,24,7,21,___                                      24

44.6,-12,35,6,-12,-27,6,-12,____                                             -89

45.4,20,84,340,____                                                         1364

46.-3,-4,-9,-28,___                                                         -85

47.1,1,2,4,6,36,39,1521,___                                                 1525
  
48.11.5,17.5,35.5,89.5,___                                                 251.5

49.4,2,4,8,6,8,16,____                                                      14

50.2,7,-35,7,12,-60,5,10,___                                               -50

51.19,24,20,25,21,26,___                                                    22
      
52.11,14,12,15,13,16,___                                                    14

53.10,2,8,2,6,2,___                                                         4

54.8,9,11,14,18,23,___                                                      29

55.25,25,22,22,19,19,___                                                    16

56.3,3,4,8,10,36,__                                                        21

57.4,8,16,32,64,128,____                                                  256

58.8,16,24,32,40,48,___                                                   56

59.13,11,14,12,15,13,___                                                  16

60.6,18,36,108,216,648,____                                              1296

61.4,4,8,8,16,16,___                                                      32

62.2,6,18,54,162,486,____                                                1458

63.4,20,35,49,62,74,_____                                                 85

64.10,18,15,23,20,28,____                                               25

65.4,10,8,14,12,18,____                                                 16

66.10,15,12,17,14,10,____                                              16

67.15,31,63,127,255,____                                                 511

68.2,7,14,23,34,___                                                    47

69.2,12,34,74,138,____                                                232

70.2,12,30,56,90,___                                                    132

71.3,3,4,8,10,36,____                                                   21

72.7,-35,-34,-3,15,16,4,-20,___                                      -19

73.1,1,2,4,6,36,39,1521,____                                         1525

74.2,3,5,9,17,33,____                                                65

75.1,-1,2,-6,2,-2,4,-12,3,___                                        -3

76.4,64,1,1,3,27,2,___                                                8

77.18,24,5,21,27,8,17,23,4,24,30,___                                 11

78.1.25,3,7.1,1.5,1,8.1,1.75,-1,9.1,0.75,2.00,___                  10.1

79.10,12,-36,-7,-5,-15,19,21,___                                   -63

80.38,36,76,35,114,34,___                                          152

81.-15,-14,34,32,-42,-39,58,54,-61,___                             -56

82.9,3,6,21,9,12,33,15,18,___                                        45

83.1/4,1/4,1/2,3/2,6,___                                            30

84.588,196,471,157,345,115,495,165,585,___                            175

85.22,99,34,21,101,31,18,104,15,____                                   13

86.8,6,22,26,54,58,86,90,____                                       22

87.10,12,-36,-7,-5,15,19,21,____                                    -63

88.1/3,1/2,1/4,21/3,31/2,41/4,41/3,6/4,___                           61/2

89.4,2,4,8,6,8,14,____                                                  12

90.11.5,17.5,35.5,89.5,___                                         251.5

91.1,1,1,2,4,12,36,__                     144

92.8,16,3,27,4,8,7,19,2,0,7,___          9

93.40,39,37,33,26,15,___               -1

94.3,5,2,100,4,7,3,196,1,6,5,___                144

95.49,7,98,16,4,48,9,3,36,25,5,___          125

96.115,100,86,74,65,60,___                60

97.4,3,144,1.5,2,9,5,0.5,2.25,___

98.13,21,32,49,74,131,___                232

99.7,19,43,91,187,___                 379

100.9,3,24,4,9,3,36,6,9,3,30,___          5

101.44,4.4,0.88,0.264,0.1056,___          multiply wid (*.5)

102.18,6,24,4,30,10,12,2,6,___                  2

103.9,15,26/3,29/2,25/3,14,8,27/2,23/3,____            26/2

104.1,7,9,15,___                   17

105.5,17,35,65,___                     119

106.2,3,6,13,28,____             59

107.2,3,10,15,26,35,50,____              63

108.1,1,1,2,4,12,36,____                 144
 
109.3,7,10,8,4,12,0,5,5,3,2,____             5

110.40,39,37,33,26,15,____                        -1

111.100,98,95,90,83,____                     72

112.18,24,5,21,27,8,17,23,4,24,30,___         11

113.1,3,3,2,8,10,3,4,12,4,8,__                 12

114.5,1,2,8,1,0,9,2,3,14,1.3,2,___                     17.3

115.1/3,1/2,1/4,21/3,31/2,41/4,41/3,61/2,____        81/4

116.38,36,76,35,114,34,____                      152

117.30.5,31,30,67.2,67,70,100,183.9,___                 184

118.4,4,5,6,8,11,16,24,___                     37

119.8,5,9,7,2,2.5,5,1,16,8,4,____              2

120.9,15,26/3,29/2,25/3,14,8,26/2,23/3,____             25/2

121.5/6,1/3,1/2,1/2,2/8,1/4,5/6,1/6,2/3,1/2,1/3,____            1/6

122.2,3,10,15,26,35,50,____                       63

123.3,4.5,7,4,6,5.5,5,7.5,10,6,____                   9

124.340,680,1428,3141.6,_____   multiply wid (*2.3)

125.11,8,17,16,23,24,31,32,____               39

126.8,5,9,7,2,25,5,1,16,8,6,____                 4

127.18,24,5,21,27,8,17,23,4,24,30,____         11

128.5,6,6,5,6,5,8,7,9,5,_____                      13

129.4,2,4,8,6,8,14,____                      12

130.18,6,24,4,30,10,12,2,6,2,____                

131.22,19.5,21.45,33,30.15,33.55,44,41.5,____             43.45

132.3/2,21/4,9/4,7/2,121/4,49/4,4/3,11/3,16/9,____                 10/3

133.13,24,36,23,34,56,33,44,76,43,54,____                 96

134.5,16,22,68,28,87,36,112,11,___                   38

135.4,3,144,1.5,2,9,3.2,2,_____               (6.4*6.4)

136.-16,-8,4,24,12,-6,-40,____                 240

137.48,24,35,7,16,8,75,15,8,4,____                

138.8,24,12,36,18,54,____                26

139.1,2,3,6,11,20,37,68,____                125

140.8,7,11,12,14,17,17,22,__                           20

141.11,13,17,19,23,29,31,37,41,___                      43

142.2,3,10,15,26,________                

143.1,3,3,2,8,10,3,4,12,4,8,___                      12

144.6,8,10,8,15,17,12,16,________                         20

145.10,15,12,17,14,10,_________                16

146.48,46,42,38,_______                              36

147.9,12,4,8,12,15,5,9,3,6,2,6,6,9,___

148.52,62,42,78,89,68,49,61,39,63,76,______                  53

149.9,3,24,4,9,3,36,6,9,3,30,__                    5

150.5,12,8,8,1,0,9,9,2,3,______            14

151.0,8,12,26,23,____             43

152.2,9,5,49,11,169,________                        17

153.1,1,2,4,6,36,39,1521,______              1525

154.7,-14,-4,15,-30,-20,-21,____                       42

155.27,16,10,9,____             -13

156.-3,-4,-9,-28,____            -113

157.18,6,24,4,30,10,12,2,6,___        2

158.56,89,33,21,57,88,35,19,60,85,30,____             65

159.2,10,30,68,130,_____      222

160.56,89,33,21,57,88,35,19,60,85,39,15,___       65

161.30.5,31,30.0,67,____              29.5

162.1/2,1/4,3/4,3/8,7/8,7/16,___,           15/16

163.2,7,-35,7,12,-60,5,10,____                 -50

164.0,6,24,60,_____                     120

165.24,60,120,210,_____                    336

166.7776,625,64,9,____                    2

167.49,6,25,4,36,5,81,5,_____

168.41.45,41.5,42,18.23,18.2,18,73.09,_____    73.18

169.42,12,40,2,62,___                             13
                
170.2,1,2,3,8,0,1,9,1,2,1,____                       4

171.11,8,17,14,23,24,31,32,____               39

172.2,3,6,13,28,____                        59

173.24,42,1/2,2,65,56,11/5,5/6,73,37,_____        7/3

174.3,20,42,72,____              113

175.124,62,60,30,28,14,____                  12

176.10,12,-36,-7,-5,15,19,21,___                   -63

177.38,36,76,35,114,34,____                     152

178.9,3,6,21,9,12,33,15,18,____                  45

179.8,6,22,26,54,58,86,90,_____                            118

180.4,4,5,6,8,11,16,24,____                37

181.0.7,1.2,1.2,2.2,1.7,3.2,2.2,4.2,____                        2.7

182.2,3,10,15,26,35,50,____                                  63

183.13,24,36,23,34,56,33,64,96,43,54,____                           96

184.7,0,1,8,5,12,9,26,3,23,2,____                    28

189.3/2,2,1/4,9/4,7/2,12,1/4,49/4,4/3,11/7,16/9,___                  16/9

190.9,12,4,8,12,15,5,9,3,6,2,6,6,9,___,___                            3,7

191.0,8,12,26,23,____                                   43

192.4,2,5,9,5,11,13,7,16,17,9,____                   21

193.4.2,7.2,11.4,6.1,9.1,15.2,3.8,6.8,____               10.6

194.28,17,23,17,26,16,22,16,24,15,21,15,____                    22

195.0,1,1,2,0.5,2,2,4,2,2,4,3,7,2,____                          7/2

196.1,1,2,4,6,36,39,1521,____                            1525

197.8,6,22,26,54,58,86,90,____ 
           
198.2,9,5,49,11,169,____

199.56,89,33,21,57,88,35,19,60,85,39,15,____                24

200.4,3,5,9,12,17,____            25

201.2,6,5,11,26,17,____                 

202.-12,35,6,-12,-27,6,-12,____         -89

203.8,16,3,27,4,8,7,19,2,0,7,___                9

204.40,39,37,33,26,15,____                         -1

205.13,21,32,49,78,131,___                   232

206.2,3,6,13,28,____                          59

207.5,10,9,3,6,5,4,8,7,7,____,____                           14,13

208.1370,1320,1070,-180,_____                    -6430

209.3,3,4,8,10,36,____                            21

210.1/2,5/4,2,11/4,7/2,____                         17/4

211.4,3,6,5,11,10,19,18,30,29,_____             44

212.2,9,5,49,11,169,_____                20

213.5,6,6.5,6.5,8,7,9.5,____                               7.5

214.13,21,32,49,78,131,____                    232

215.2,1,2,3,2,9,9,0,1,1,9,____                      1

216.7,4,6,3,4.5,1.5,2.25,-0.75,____                   1

217.63/4,16,26,46/5,9,19,194/3,65,75,243/8,____          30
   
218.67,70,100,183.9,_____                                 1020.9

219.4,2,5,9,5,11,13,7,16,17,9,____               21

220.5,1,2,3,1,0,9,2,3,14,1,3,____                       26

221.3.2,14.23,7,5.2,12.03,____                        8

222.4,3,6,5,11,10,19,18,30,29,____                        44

223.31.23,31.2,30,67.95,68,70,98.25,___          98.18

224.1,1,1,2,2,2,3,4,3,3,5,6,4,4,7,8,__,___              5,5

225.11.48.,100,384,742,3072,____                      6208

226.7,26,63,124,___                       124

227.7,28,63,112,____                     175

228.3,2,1,4,5,4,5,1,0,6,3,____                    2

229.7.2,2.2,3.2,16,11,12,60,55,56,____                     280

230.0.8,1.8,3.6,3.6,4.6,9.2,9.2,10.2,____                              20.4

231.4,3,5,9,12,17,_____                       26

232.4.2,26.0,8.9,8.4,52.0,17.8,16.8,104.0,_____             35.6

233.4,2,5,9,5,11,13,7,16,17,9,____                    21

234.9,12,4,8,12,15,5,9,3,6,2,6,6,9,___,____                             3,7

235.2,1,2,3,8,0,1,9,1,2,1,____            4

236.2,1,2,3,2,9,9,0,1,1,9,___              1

237.7,4,6,3,4.5,1.5,2.25,-0.75,____               1

238.6,8,10,8,15,17,12,16,___           18

239.13,21,32,49,78,131,_____            232

240.56,89,33,21,57,88,35,19,60,85,30,____                17

241.1/2,5/4,2,11/4,7/2,_____                             17

242.162,98,50,_____                                      18

243.2,9,5,49,11,169,_____                                17

244.15(3/4),16,26,9(1/5),9,19,64(2/3),65,75,30(3/8),___ 

245.0.5,2,3,4.5,6.75,__                                  8.25


English 2nd round questions: 
Q.They objected to my proposal.
A.My proposal was objected by them.
Q.People beleive him to be innicent.
A.He is believed to be innocent by the people.
Q.The invigilator was reading out the instructions.
A.The instructions were being read out by the invigilator.
Q.The prechea said "Honesty is the best policy"
A.The prechea said that honesty is the best policy.
Q.I said to my father,"I am coming back after two hours".
A.I said to my my father that I  was coming back after two hours.




Q.Sexiest language---------------->difference between man and woman.

Q.Choose correct.
  The child,who was misdiagonised,thrived by spirit.

Q.Blue pen------------------------>True.

Q.Introduction should be added_______
   a.before brainstorm
   b.body
   c.end
A.a

Q.Enclosure(3) means the letter with 3 other documents.
A.True

Q.Error in sentence:
  "She is a good babysitter,qualified,professional and fun"
A.Dangling modifier.

Q.Which is the correct use of pronoun?
  a.each executive
  b.few of the executive
  c.one of the executive
  d.all of the above
A.a

Q.Miss Sheela is dancer,funny,arrogant.
A.Sentence fragment

Q.Which one is correct:
  Dear Mr Smith:       AND  Dear President smith:

Q.In formal document prepared for meeting should contain------->
A.Brief details and content about document.

Q.In formal email personal intro should be done---------------->
A.After the body of the letter.

Q.In  formal letter for better understanding------------------->
  a.refrain from repeating ideas... vertism (like this there is one option)
  b.repeat ideas with picture.
A.a

Q.In email we use gender-neutral language then what is the sexiest language?
A.gender-specific.

Q.Choose Correct one.
  Samual was with susan and me.

Q.Email of regarding lunch hours----------------------------------->
A.context and problems.

Q.How to end foraml letter?
A.Regards,Sincerely

Q.What to include in business letter?
A. all of above.(SOME OPTIONS ARE THERE)

Q.It is considered as breach of ettiquets to sign your assistant in place of you.
A.False

Q.Table of context should be included in short report?
A.NO

Q.Blue pen is not a photocopy.
A.True

Q.Emoticons and smileys--------------------------------------------->
A.True

Q.Choose correct one
A.Renny,is coming alone with sally and me.

Q.Choose correct one.
A.Catchy,my best friend,...........

Q.Introduction must began------------------------------------------>
A.before the body of the letter.


ALL THE VERY BEST.TRY TO SOLVE ALL OF THESE.THIS IS ENOUGH FOR IBM 1ST ROUND SERIES.AND SOLVE QUANTATIVE QUESTIONS FROM INDIABIX.THEY ASKED VERY SIMPLE QUANT
QUESTUIONS ONLY THING IS THAT LENGTHY CALCULATIUON(NOT ALWAYS).PLEASE SHARE THE QUESTIONS AS MUCH AS POSSIBLE.



___










